"ID","MonthlyIncome"
1171,3407
1172,3600
1173,2377
1174,16659
1175,8620
1176,7484
1177,3482
1178,5377
1179,6812
1180,9824
1181,3617
1182,2501
1183,3055
1184,17639
1185,6388
1186,4332
1187,4320
1188,16124
1189,5160
1190,7654
1191,2837
1192,17399
1193,4440
1194,2145
1195,10851
1196,9980
1197,6430
1198,3447
1199,5507
1200,2422
1201,4930
1202,5562
1203,7880
1204,2705
1205,1416
1206,5301
1207,13525
1208,5399
1209,19272
1210,18265
1211,4317
1212,3117
1213,14756
1214,10512
1215,3346
1216,19161
1217,16555
1218,4189
1219,3500
1220,2007
1221,16856
1222,2909
1223,2314
1224,4936
1225,5902
1226,19197
1227,2686
1228,2097
1229,7140
1230,2818
1231,18041
1232,3477
1233,2600
1234,13758
1235,11244
1236,5324
1237,14275
1238,9998
1239,2400
1240,2372
1241,6540
1242,4541
1243,5485
1244,4284
1245,5562
1246,2080
1247,6755
1248,4968
1249,3692
1250,2143
1251,5429
1252,9725
1253,3072
1254,4490
1255,5415
1256,13247
1257,11994
1258,19068
1259,10965
1260,5326
1261,7879
1262,6472
1263,3445
1264,18172
1265,4639
1266,4127
1267,10883
1268,5151
1269,2058
1270,1261
1271,13591
1272,8474
1273,3691
1274,17584
1275,2033
1276,5472
1277,5562
1278,6583
1279,2073
1280,17328
1281,4614
1282,8095
1283,5731
1284,6261
1285,17875
1286,6804
1287,3579
1288,7639
1289,2694
1290,13872
1291,4440
1292,7969
1293,19331
1294,2571
1295,4639
1296,11836
1297,2642
1298,17046
1299,19406
1300,4374
1301,2339
1302,16328
1303,13964
1304,9907
1305,10239
1306,11996
1307,6586
1308,4841
1309,4621
1310,7991
1311,2348
1312,18430
1313,7945
1314,3038
1315,7441
1316,9355
1317,4272
1318,1359
1319,3310
1320,19586
1321,2911
1322,2450
1323,13503
1324,9667
1325,2342
1326,2218
1327,2029
1328,9094
1329,1232
1330,9884
1331,6516
1332,6549
1333,2960
1334,3339
1335,5231
1336,2201
1337,19847
1338,6349
1339,3221
1340,4859
1341,3424
1342,2362
1343,6811
1344,2288
1345,3816
1346,5130
1347,3580
1348,2690
1349,19513
1350,13320
1351,4364
1352,2645
1353,3690
1354,8938
1355,14336
1356,8381
1357,16704
1358,3033
1359,10502
1360,4534
1361,5209
1362,3069
1363,5208
1364,2821
1365,2096
1366,3983
1367,9950
1368,4345
1369,14026
1370,2897
1371,19419
1372,2044
1373,2232
1374,10252
1375,12965
1376,3929
1377,5253
1378,5147
1379,4198
1380,19517
1381,3102
1382,3697
1383,5980
1384,5175
1385,2576
1386,2308
1387,2451
1388,6179
1389,2904
1390,7779
1391,6118
1392,2297
1393,19232
1394,19537
1395,4775
1396,7632
1397,4249
1398,5689
1399,7457
1400,3034
1401,2074
1402,4194
1403,19190
1404,4230
1405,5617
1406,2506
1407,2496
1408,9715
1409,19045
1410,16835
1411,3375
1412,2718
1413,19237
1414,9278
1415,5605
1416,5488
1417,3722
1418,2659
1419,7446
1420,3506
1421,2313
1422,19973
1423,19141
1424,1706
1425,17465
1426,10496
1427,6434
1428,4695
1429,5828
1430,16823
1431,14732
1432,9852
1433,17444
1434,6728
1435,4011
1436,2132
1437,7005
1438,5460
1439,3646
1440,10388
1441,5405
1442,1601
1443,9936
1444,2716
1445,2564
1446,2062
1447,4294
1448,7510
1449,9610
1450,2871
1451,2367
1452,2720
1453,10686
1454,2942
1455,5765
1456,3989
1457,2778
1458,2478
1459,3161
1460,2773
1461,5933
1462,2782
1463,2141
1464,5390
1465,2061
1466,2519
1467,5010
1468,2293
1469,19202
1470,4537
